 !This file has all of the scalar staturation parameters used for different SAT_RULE options
 SAT_RULE =            1
 UNITS = GYRO    
 XNU_MODEL =            2
 !   SAT0 model 
 ETG_FACTOR =    1.2500000000000000     
 B_unit =    1.0000000000000000     
 R_unit =    3.3281000303707189     
 q_unit =    1.1628074119293703     
 !   SAT1 & SAT2 models 
 ALPHA_ZF =   -1.0000000000000000     
 SAT_geo0_out =    1.0000000000000000     
 SAT_geo1_out =    1.0000000000000000     
 SAT_geo2_out =    1.0000000000000000     
 Bt0_out =   0.67095148728509302     
 B_geo0_out =    1.0000000000000000     
 grad_r0_out =    1.0269170690144069     
 rho_ion =    1.0000000000000000     
 rho_e =    1.4715663400355643E-002
 kymax_out =   0.24465894629054544     
 vzf_out =    5.6796282266338066E-002
