SIGN_BT=1
SIGN_IT=1
NS=3
ZMAJ_LOC=0.0
DRMINDX_LOC=1.0
DZMAJDX_LOC=0.0
S_DELTA_LOC=0.08090731116504084
ZETA_LOC=-0.013901218605729414
S_ZETA_LOC=-0.0164998261192237
MASS_1=0.0002723125672605524
ZS_1=-1.0
AS_1=1.0
TAUS_1=1.0
MASS_2=1.0
ZS_2=1.0
VPAR_2=0.44964982448584373
VPAR_SHEAR_2=0.7425267850520989
MASS_3=6.0
ZS_3=6.0
RLTS_3=2.6624530453565285
TAUS_3=1.2990328849667536
VPAR_3=0.44964982448584373
VPAR_SHEAR_3=0.7425267850520989
AS_2=0.8201225553140474
AS_3=0.022644129225844047
BETAE=0.004628993254474804
DEBYE=0.021209058573626344
DELTA_LOC=0.05545253768387129
DRMAJDX_LOC=-0.15124040173067566
KAPPA_LOC=1.3477595850028923
P_PRIME_LOC=-0.00422774178792715
Q_LOC=1.587259752531915
Q_PRIME_LOC=10.698423888620216
RLNS_1=0.5726066770193207
RLNS_2=0.823625463490722
RLNS_3=-1.1477522821816437
RLTS_1=2.1317022342322174
RLTS_2=2.6624530453565285
RMAJ_LOC=2.8868411539469165
RMIN_LOC=0.46225007635627746
S_KAPPA_LOC=0.07130993078842053
TAUS_2=1.2990328849667536
VEXB_SHEAR=-0.07490627903673729
VPAR_1=0.44964982448584373
VPAR_SHEAR_1=0.7425267850520989
XNUE=0.06384961432827078
ZEFF=1.6793239
UNITS='CGYRO'
ALPHA_ZF=-1.0
USE_MHD_RULE=.false.
NKY=12
SAT_RULE=2
KYGRID_MODEL=4
NMODES=5
NBASIS_MIN=4
NBASIS_MAX=6
XNU_MODEL=3
USE_AVE_ION_GRID=.true.
ALPHA_QUENCH=0
ALPHA_MACH=0.0
WDIA_TRAPPED=1.0
USE_BPAR=.false.
USE_BPER=.true.
THETA_TRAPPED=0.7
