 nbasis =            2
 i =            1
 j =            1
  0.42659122314317760     
 j =            2
  -1.0715115372555342E-011
 i =            2
 j =            1
  -1.0715115372555342E-011
 j =            2
  0.42658868915004378     
