 nbasis =            2
 i =            1
 j =            1
  0.89583796128566262     
 j =            2
   7.1755967998056629E-007
 i =            2
 j =            1
   7.1755967998056640E-007
 j =            2
  0.35206347897975560     
