 nbasis =            2
 i =            1
 j =            1
  0.61891466369265302     
 j =            2
   6.3968658353513278E-007
 i =            2
 j =            1
   6.3968658353513278E-007
 j =            2
  0.70970652975543491     
