 nbasis =            2
 i =            1
 j =            1
 -0.43743799595860566     
 j =            2
   8.2358001093859271E-007
 i =            2
 j =            1
   8.2358001093859271E-007
 j =            2
 -0.29834885114956505     
