 nbasis =            2
 i =            1
 j =            1
   7.8242113839088798E-006
 j =            2
  0.87563130017648316     
 i =            2
 j =            1
  0.87563130017648316     
 j =            2
   1.1159262395843590E-005
