 nbasis =            2
 i =            1
 j =            1
   0.0000000000000000     
 j =            2
   0.0000000000000000     
 i =            2
 j =            1
   0.0000000000000000     
 j =            2
   0.0000000000000000     
