 nbasis =            2
 i =            1
 j =            1
  -3.0397852937726220     
 j =            2
   2.7317903014600690E-006
 i =            2
 j =            1
   2.7317903014600690E-006
 j =            2
  -2.6504801267744478     
