 nbasis =            2
 i =            1
 j =            1
   0.0000000000000000     
 j =            2
  0.70710678118654757     
 i =            2
 j =            1
 -0.70710678118654757     
 j =            2
   0.0000000000000000     
