 nbasis =            2
 i =            1
 j =            1
   1.2182204542078781     
 j =            2
   1.1383099773309492E-005
 i =            2
 j =            1
   1.1383099773309492E-005
 j =            2
   3.9101880666941793     
