 !This file has all of the scalar staturation parameters used for different SAT_RULE options
 SAT_RULE =            0
 UNITS = GYRO    
 XNU_MODEL =            2
 !   SAT0 model 
 ETG_FACTOR =    1.2500000000000000     
 B_unit =    1.0000000000000000     
 R_unit =    3.3571428582404801     
 q_unit =    1.7685190312347239     
 !   SAT1 & SAT2 models 
 ALPHA_ZF =    1.0000000000000000     
 SAT_geo0_out =    1.0000000000000000     
 SAT_geo1_out =    1.0000000000000000     
 SAT_geo2_out =    1.0000000000000000     
 Bt0_out =   0.98601348795614074     
 B_geo0_out =   0.84816745486999545     
 grad_r0_out =    1.0000000000000000     
 rho_ion =    1.0000000000000000     
 rho_e =    1.6501515081955354E-002
 kymax_out =    0.0000000000000000     
 vzf_out =    0.0000000000000000     
