       SIGN_BT=       -1.0000000000
       SIGN_IT=       -1.0000000000
      SAT_RULE=0                   
            NS=4                   
 GEOMETRY_FLAG=1                   
          TAUS_1=        1.0000000000    
          TAUS_2=        1.1587011839    
          TAUS_3=        1.1587011839    
          TAUS_4=       32.3657034664    
          RLNS_1=        0.0000010000    
          RLNS_2=        0.0000010000    
          RLNS_3=        0.0000010000    
          RLNS_4=        1.3998444000    
          RLTS_1=        0.0000010000    
          RLTS_2=        0.0000010000    
          RLTS_3=        0.0000010000    
          RLTS_4=        0.0044089185    
            ZS_1=       -1.0000000000    
            ZS_2=        1.0000000000    
            ZS_3=        1.0000000000    
            ZS_4=        2.0000000000    
            AS_1=        1.0000000000    
            AS_2=        0.2774519339    
            AS_3=        0.2225480661    
            AS_4=        0.2500000000    
          MASS_1=        0.0002724437    
          MASS_2=        1.0000000000    
          MASS_3=        1.5000000000    
          MASS_4=        2.0000000000    
          VPAR_1=        0.0000000000    
          VPAR_2=        0.0000000000    
          VPAR_3=        0.0000000000    
          VPAR_4=        0.0000000000    
    VPAR_SHEAR_1=        0.0000000000    
    VPAR_SHEAR_2=        0.0000000000    
    VPAR_SHEAR_3=        0.0000000000    
    VPAR_SHEAR_4=        0.0000000000    
        FILTER=        0.0000000000
       RMIN_SA=        0.5000000000
       RMAJ_SA=        3.0000000000
          Q_SA=        2.0000000000
       SHAT_SA=        1.0000000000
      ALPHA_SA=        0.0000000000
      XWELL_SA=        0.0000000000
     THETA0_SA=        0.0000000000
    B_MODEL_SA=  1                 
   FT_MODEL_SA=  1                 
      USE_BPER= T                  
         BETAE=        0.0165281230
          XNUE=        0.0000000000
          ZEFF=        1.9062521000
            KY=        0.2485835996
