 !This file has all of the scalar staturation parameters used for different SAT_RULE options
 SAT_RULE =            1
 UNITS = GYRO    
 XNU_MODEL =            2
 !   SAT0 model 
 ETG_FACTOR =    1.2500000000000000     
 B_unit =    1.0000000000000000     
 R_unit =    3.5677719676611526     
 q_unit =    1.2941908034377789     
 !   SAT1 & SAT2 models 
 ALPHA_ZF =   -1.0000000000000000     
 SAT_geo0_out =    1.0000000000000000     
 SAT_geo1_out =    1.0000000000000000     
 SAT_geo2_out =    1.0000000000000000     
 Bt0_out =   0.59090916134255722     
 B_geo0_out =    1.0000000000000000     
 grad_r0_out =    1.0838810886322465     
 rho_ion =    1.0000000000000000     
 rho_e =    1.4715663400355643E-002
 kymax_out =   0.24465894629054544     
 vzf_out =    7.4285578188708151E-002
