 !This file has all of the scalar staturation parameters used for different SAT_RULE options
 SAT_RULE =            1
 UNITS = GYRO    
 XNU_MODEL =            2
 !   SAT0 model 
 ETG_FACTOR =    1.2500000000000000     
 B_unit =    1.0000000000000000     
 R_unit =    3.3759121438762314     
 q_unit =    1.1652543053647664     
 !   SAT1 & SAT2 models 
 ALPHA_ZF =   -1.0000000000000000     
 SAT_geo0_out =    1.0000000000000000     
 SAT_geo1_out =    1.0000000000000000     
 SAT_geo2_out =    1.0000000000000000     
 Bt0_out =   0.66048287173578157     
 B_geo0_out =    1.0000000000000000     
 grad_r0_out =    1.0384969803109079     
 rho_ion =    1.0000000000000000     
 rho_e =    1.4715663400355643E-002
 kymax_out =   0.39267990055896529     
 vzf_out =    8.6204397388224885E-002
