 !This file has all of the scalar staturation parameters used for different SAT_RULE options
 SAT_RULE =            2
 UNITS = CGYRO   
 XNU_MODEL =            3
 !   SAT0 model 
 ETG_FACTOR =    1.2500000000000000     
 B_unit =    1.0000000000000000     
 R_unit =    3.4732663233339429     
 q_unit =    1.1762167865108533     
 !   SAT1 & SAT2 models 
 ALPHA_ZF =   -1.0000000000000000     
 SAT_geo0_out =    1.0000000000000000     
 SAT_geo1_out =   0.62809080265272721     
 SAT_geo2_out =   0.30350953675559628     
 Bt0_out =   0.72593406296305485     
 B_geo0_out =   0.64425646290223249     
 grad_r0_out =    1.1565619499180806     
 rho_ion =    1.0796169071489616     
 rho_e =    1.6501895868673771E-002
 kymax_out =   0.37332383034820765     
 vzf_out =   0.40439514603924692     
